0.018820999 0.101921875 0.0 0.0 0.0 0.0 0.0 1.0
0.028321580 0.102352864583 0.0 0.0 0.0 0.0 0.0 1.0
0.038705888 0.102875 0.0 0.0 0.0 0.0 0.0 1.0
0.048150075 0.103395833333 0.0 0.0 0.0 0.0 0.0 1.0
0.058630766 0.104022135417 0.0 0.0 0.0 0.0 0.0 1.0
0.068028169 0.10463671875 0.0 0.0 0.0 0.0 0.0 1.0
0.078465993 0.105359375 0.0 0.0 0.0 0.0 0.0 1.0
0.087771247 0.106053385417 0.0 0.0 0.0 0.0 0.0 1.0
0.098200417 0.106875 0.0 0.0 0.0 0.0 0.0 1.0
0.108603771 0.107752604167 0.0 0.0 0.0 0.0 0.0 1.0
0.117928703 0.108587239583 0.0 0.0 0.0 0.0 0.0 1.0
0.128467557 0.109572916667 0.0 0.0 0.0 0.0 0.0 1.0
0.137861278 0.11049609375 0.0 0.0 0.0 0.0 0.0 1.0
0.148267017 0.111576822917 0.0 0.0 0.0 0.0 0.0 1.0
0.158740810 0.112709635417 0.0 0.0 0.0 0.0 0.0 1.0
0.168142616 0.113776041667 0.0 0.0 0.0 0.0 0.0 1.0
0.178635148 0.1150078125 0.0 0.0 0.0 0.0 0.0 1.0
0.188049288 0.116171875 0.0 0.0 0.0 0.0 0.0 1.0
0.198434872 0.117505208333 0.0 0.0 0.0 0.0 0.0 1.0
0.208835961 0.118881510417 0.0 0.0 0.0 0.0 0.0 1.0
0.218276347 0.120180989583 0.0 0.0 0.0 0.0 0.0 1.0
0.228814788 0.12168359375 0.0 0.0 0.0 0.0 0.0 1.0
0.238289136 0.123075520833 0.0 0.0 0.0 0.0 0.0 1.0
0.248679665 0.124658854167 0.0 0.0 0.0 0.0 0.0 1.0
0.258000361 0.126126302083 0.0 0.0 0.0 0.0 0.0 1.0
0.268447961 0.127811197917 0.0 0.0 0.0 0.0 0.0 1.0
0.278910810 0.129510416667 0.0 0.0 0.0 0.0 0.0 1.0
0.288299681 0.131040364583 0.0 0.0 0.0 0.0 0.0 1.0
0.298614460 0.132725260417 0.0 0.0 0.0 0.0 0.0 1.0
0.308044189 0.1342421875 0.0 0.0 0.0 0.0 0.0 1.0
0.318458179 0.135946614583 0.0 0.0 0.0 0.0 0.0 1.0
0.327942268 0.137489583333 0.0 0.0 0.0 0.0 0.0 1.0
0.338404235 0.139190104167 0.0 0.0 0.0 0.0 0.0 1.0
0.348795750 0.140880208333 0.0 0.0 0.0 0.0 0.0 1.0
0.358182095 0.142404947917 0.0 0.0 0.0 0.0 0.0 1.0
0.368625774 0.14410546875 0.0 0.0 0.0 0.0 0.0 1.0
0.378097272 0.14564453125 0.0 0.0 0.0 0.0 0.0 1.0
0.388522388 0.14734375 0.0 0.0 0.0 0.0 0.0 1.0
0.397819330 0.148860677083 0.0 0.0 0.0 0.0 0.0 1.0
0.408242146 0.150553385417 0.0 0.0 0.0 0.0 0.0 1.0
0.418703350 0.152247395833 0.0 0.0 0.0 0.0 0.0 1.0
0.428178203 0.153796875 0.0 0.0 0.0 0.0 0.0 1.0
0.438631725 0.155489583333 0.0 0.0 0.0 0.0 0.0 1.0
0.447994050 0.1570234375 0.0 0.0 0.0 0.0 0.0 1.0
0.458384681 0.158708333333 0.0 0.0 0.0 0.0 0.0 1.0
0.468761766 0.160399739583 0.0 0.0 0.0 0.0 0.0 1.0
0.478135448 0.161921875 0.0 0.0 0.0 0.0 0.0 1.0
0.488601611 0.163619791667 0.0 0.0 0.0 0.0 0.0 1.0
0.498025872 0.165154947917 0.0 0.0 0.0 0.0 0.0 1.0
0.508418298 0.166846354167 0.0 0.0 0.0 0.0 0.0 1.0
0.518848339 0.168537760417 0.0 0.0 0.0 0.0 0.0 1.0
0.528422144 0.170096354167 0.0 0.0 0.0 0.0 0.0 1.0
0.538857792 0.171796875 0.0 0.0 0.0 0.0 0.0 1.0
0.548301654 0.1733359375 0.0 0.0 0.0 0.0 0.0 1.0
0.558741415 0.175032552083 0.0 0.0 0.0 0.0 0.0 1.0
0.568143001 0.1765625 0.0 0.0 0.0 0.0 0.0 1.0
0.578630689 0.178264322917 0.0 0.0 0.0 0.0 0.0 1.0
0.588092532 0.179805989583 0.0 0.0 0.0 0.0 0.0 1.0
0.598466450 0.181497395833 0.0 0.0 0.0 0.0 0.0 1.0
0.607812263 0.183016927083 0.0 0.0 0.0 0.0 0.0 1.0
0.618229772 0.18470703125 0.0 0.0 0.0 0.0 0.0 1.0
0.628792120 0.186430989583 0.0 0.0 0.0 0.0 0.0 1.0
0.638199864 0.187958333333 0.0 0.0 0.0 0.0 0.0 1.0
0.648584764 0.189649739583 0.0 0.0 0.0 0.0 0.0 1.0
0.658021280 0.191186197917 0.0 0.0 0.0 0.0 0.0 1.0
0.668382855 0.192884114583 0.0 0.0 0.0 0.0 0.0 1.0
0.678838437 0.194572916667 0.0 0.0 0.0 0.0 0.0 1.0
0.688284728 0.196110677083 0.0 0.0 0.0 0.0 0.0 1.0
0.698674486 0.197798177083 0.0 0.0 0.0 0.0 0.0 1.0
0.708056669 0.199326822917 0.0 0.0 0.0 0.0 0.0 1.0
0.718411428 0.201013020833 0.0 0.0 0.0 0.0 0.0 1.0
0.728896820 0.202723958333 0.0 0.0 0.0 0.0 0.0 1.0
0.738305480 0.204248697917 0.0 0.0 0.0 0.0 0.0 1.0
0.748678811 0.2059375 0.0 0.0 0.0 0.0 0.0 1.0
0.758111796 0.207470052083 0.0 0.0 0.0 0.0 0.0 1.0
0.768445380 0.209158854167 0.0 0.0 0.0 0.0 0.0 1.0
0.778917639 0.210850260417 0.0 0.0 0.0 0.0 0.0 1.0
0.788350005 0.212389322917 0.0 0.0 0.0 0.0 0.0 1.0
0.798783293 0.214080729167 0.0 0.0 0.0 0.0 0.0 1.0
0.808114677 0.21560546875 0.0 0.0 0.0 0.0 0.0 1.0
0.818528953 0.217294270833 0.0 0.0 0.0 0.0 0.0 1.0
0.827947067 0.218834635417 0.0 0.0 0.0 0.0 0.0 1.0
0.838377600 0.220522135417 0.0 0.0 0.0 0.0 0.0 1.0
0.848748501 0.222213541667 0.0 0.0 0.0 0.0 0.0 1.0
0.858121237 0.223735677083 0.0 0.0 0.0 0.0 0.0 1.0
0.868505236 0.225432291667 0.0 0.0 0.0 0.0 0.0 1.0
0.877766530 0.226946614583 0.0 0.0 0.0 0.0 0.0 1.0
0.888134801 0.22862890625 0.0 0.0 0.0 0.0 0.0 1.0
0.898659100 0.230325520833 0.0 0.0 0.0 0.0 0.0 1.0
0.908052111 0.231860677083 0.0 0.0 0.0 0.0 0.0 1.0
0.918414420 0.233548177083 0.0 0.0 0.0 0.0 0.0 1.0
0.928960984 0.23526171875 0.0 0.0 0.0 0.0 0.0 1.0
0.938328283 0.236790364583 0.0 0.0 0.0 0.0 0.0 1.0
0.948778381 0.238477864583 0.0 0.0 0.0 0.0 0.0 1.0
0.958122330 0.240010416667 0.0 0.0 0.0 0.0 0.0 1.0
0.968612406 0.24170703125 0.0 0.0 0.0 0.0 0.0 1.0
0.978040340 0.243243489583 0.0 0.0 0.0 0.0 0.0 1.0
0.988466367 0.244940104167 0.0 0.0 0.0 0.0 0.0 1.0
0.997804155 0.246463541667 0.0 0.0 0.0 0.0 0.0 1.0
1.008223438 0.248154947917 0.0 0.0 0.0 0.0 0.0 1.0
1.018688599 0.249854166667 0.0 0.0 0.0 0.0 0.0 1.0
1.028183841 0.251407552083 0.0 0.0 0.0 0.0 0.0 1.0
1.038612418 0.25310546875 0.0 0.0 0.0 0.0 0.0 1.0
1.047951053 0.254622395833 0.0 0.0 0.0 0.0 0.0 1.0
1.058397788 0.25631640625 0.0 0.0 0.0 0.0 0.0 1.0
1.068826263 0.258016927083 0.0 0.0 0.0 0.0 0.0 1.0
1.078248986 0.259544270833 0.0 0.0 0.0 0.0 0.0 1.0
1.088559021 0.261234375 0.0 0.0 0.0 0.0 0.0 1.0
1.097918771 0.262755208333 0.0 0.0 0.0 0.0 0.0 1.0
1.108289168 0.2644453125 0.0 0.0 0.0 0.0 0.0 1.0
1.118718630 0.266131510417 0.0 0.0 0.0 0.0 0.0 1.0
1.128219984 0.267680989583 0.0 0.0 0.0 0.0 0.0 1.0
1.138637696 0.269375 0.0 0.0 0.0 0.0 0.0 1.0
1.148013162 0.270897135417 0.0 0.0 0.0 0.0 0.0 1.0
1.158451889 0.272595052083 0.0 0.0 0.0 0.0 0.0 1.0
1.168758324 0.27427734375 0.0 0.0 0.0 0.0 0.0 1.0
1.178182660 0.275799479167 0.0 0.0 0.0 0.0 0.0 1.0
1.188672711 0.277505208333 0.0 0.0 0.0 0.0 0.0 1.0
1.198155800 0.279049479167 0.0 0.0 0.0 0.0 0.0 1.0
1.208727706 0.28075390625 0.0 0.0 0.0 0.0 0.0 1.0
1.218019298 0.282287760417 0.0 0.0 0.0 0.0 0.0 1.0
1.228449888 0.2839921875 0.0 0.0 0.0 0.0 0.0 1.0
1.237731313 0.285505208333 0.0 0.0 0.0 0.0 0.0 1.0
1.248110608 0.2871875 0.0 0.0 0.0 0.0 0.0 1.0
1.258607880 0.288881510417 0.0 0.0 0.0 0.0 0.0 1.0
1.267993629 0.290421875 0.0 0.0 0.0 0.0 0.0 1.0
1.278404989 0.292115885417 0.0 0.0 0.0 0.0 0.0 1.0
1.288772191 0.293805989583 0.0 0.0 0.0 0.0 0.0 1.0
1.298167360 0.295330729167 0.0 0.0 0.0 0.0 0.0 1.0
1.308591909 0.297020833333 0.0 0.0 0.0 0.0 0.0 1.0
1.317972783 0.298549479167 0.0 0.0 0.0 0.0 0.0 1.0
1.328447032 0.30026171875 0.0 0.0 0.0 0.0 0.0 1.0
1.338847061 0.301951822917 0.0 0.0 0.0 0.0 0.0 1.0
1.348210696 0.303471354167 0.0 0.0 0.0 0.0 0.0 1.0
1.358577298 0.305162760417 0.0 0.0 0.0 0.0 0.0 1.0
1.367941259 0.306682291667 0.0 0.0 0.0 0.0 0.0 1.0
1.378332528 0.308364583333 0.0 0.0 0.0 0.0 0.0 1.0
1.388751536 0.310055989583 0.0 0.0 0.0 0.0 0.0 1.0
1.398145351 0.311595052083 0.0 0.0 0.0 0.0 0.0 1.0
1.408605088 0.313287760417 0.0 0.0 0.0 0.0 0.0 1.0
1.418047582 0.314826822917 0.0 0.0 0.0 0.0 0.0 1.0
1.428587055 0.316541666667 0.0 0.0 0.0 0.0 0.0 1.0
1.437985119 0.318075520833 0.0 0.0 0.0 0.0 0.0 1.0
1.448309810 0.319756510417 0.0 0.0 0.0 0.0 0.0 1.0
1.458771276 0.321453125 0.0 0.0 0.0 0.0 0.0 1.0
1.468149662 0.322981770833 0.0 0.0 0.0 0.0 0.0 1.0
1.478484171 0.324661458333 0.0 0.0 0.0 0.0 0.0 1.0
1.488797345 0.326341145833 0.0 0.0 0.0 0.0 0.0 1.0
1.498233531 0.327872395833 0.0 0.0 0.0 0.0 0.0 1.0
1.508565358 0.329561197917 0.0 0.0 0.0 0.0 0.0 1.0
1.518221434 0.3310859375 0.0 0.0 0.0 0.0 0.0 1.0
1.528722042 0.33283984375 0.0 0.0 0.0 0.0 0.0 1.0
1.538120353 0.334361979167 0.0 0.0 0.0 0.0 0.0 1.0
1.548504398 0.33605078125 0.0 0.0 0.0 0.0 0.0 1.0
1.557774571 0.33756640625 0.0 0.0 0.0 0.0 0.0 1.0
1.568164270 0.339255208333 0.0 0.0 0.0 0.0 0.0 1.0
1.578584359 0.340942708333 0.0 0.0 0.0 0.0 0.0 1.0
1.588029216 0.3424765625 0.0 0.0 0.0 0.0 0.0 1.0
1.598368107 0.34416796875 0.0 0.0 0.0 0.0 0.0 1.0
1.608725271 0.345850260417 0.0 0.0 0.0 0.0 0.0 1.0
1.618148418 0.3473828125 0.0 0.0 0.0 0.0 0.0 1.0
1.628554389 0.349087239583 0.0 0.0 0.0 0.0 0.0 1.0
1.638043041 0.350614583333 0.0 0.0 0.0 0.0 0.0 1.0
1.648397436 0.352303385417 0.0 0.0 0.0 0.0 0.0 1.0
1.658811904 0.3539921875 0.0 0.0 0.0 0.0 0.0 1.0
1.668169807 0.35551953125 0.0 0.0 0.0 0.0 0.0 1.0
1.678580842 0.3572109375 0.0 0.0 0.0 0.0 0.0 1.0
1.687987688 0.358744791667 0.0 0.0 0.0 0.0 0.0 1.0
1.698394327 0.360438802083 0.0 0.0 0.0 0.0 0.0 1.0
1.708719494 0.362123697917 0.0 0.0 0.0 0.0 0.0 1.0
1.718130374 0.363649739583 0.0 0.0 0.0 0.0 0.0 1.0
1.728585490 0.36535546875 0.0 0.0 0.0 0.0 0.0 1.0
1.738003134 0.366877604167 0.0 0.0 0.0 0.0 0.0 1.0
1.748345890 0.368565104167 0.0 0.0 0.0 0.0 0.0 1.0
1.758746109 0.370255208333 0.0 0.0 0.0 0.0 0.0 1.0
1.768107602 0.371783854167 0.0 0.0 0.0 0.0 0.0 1.0
1.778572732 0.373473958333 0.0 0.0 0.0 0.0 0.0 1.0
1.787911035 0.3750078125 0.0 0.0 0.0 0.0 0.0 1.0
1.798355981 0.376703125 0.0 0.0 0.0 0.0 0.0 1.0
1.808715620 0.378388020833 0.0 0.0 0.0 0.0 0.0 1.0
1.818189597 0.379924479167 0.0 0.0 0.0 0.0 0.0 1.0
1.828795549 0.3816484375 0.0 0.0 0.0 0.0 0.0 1.0
1.838213606 0.383178385417 0.0 0.0 0.0 0.0 0.0 1.0
1.848525400 0.384865885417 0.0 0.0 0.0 0.0 0.0 1.0
1.858002570 0.386404947917 0.0 0.0 0.0 0.0 0.0 1.0
1.868424305 0.388098958333 0.0 0.0 0.0 0.0 0.0 1.0
1.878821580 0.389787760417 0.0 0.0 0.0 0.0 0.0 1.0
1.888177467 0.391319010417 0.0 0.0 0.0 0.0 0.0 1.0
1.898602826 0.393001302083 0.0 0.0 0.0 0.0 0.0 1.0
1.907952494 0.39453515625 0.0 0.0 0.0 0.0 0.0 1.0
1.918283133 0.396217447917 0.0 0.0 0.0 0.0 0.0 1.0
1.928783441 0.397924479167 0.0 0.0 0.0 0.0 0.0 1.0
1.938156784 0.3994453125 0.0 0.0 0.0 0.0 0.0 1.0
1.948543803 0.401138020833 0.0 0.0 0.0 0.0 0.0 1.0
1.958011009 0.402666666667 0.0 0.0 0.0 0.0 0.0 1.0
1.968311116 0.404354166667 0.0 0.0 0.0 0.0 0.0 1.0
1.978699694 0.406040364583 0.0 0.0 0.0 0.0 0.0 1.0
1.988063140 0.40756640625 0.0 0.0 0.0 0.0 0.0 1.0
1.998619937 0.409263020833 0.0 0.0 0.0 0.0 0.0 1.0
2.007947250 0.410802083333 0.0 0.0 0.0 0.0 0.0 1.0
2.018339487 0.412485677083 0.0 0.0 0.0 0.0 0.0 1.0
2.028809981 0.414196614583 0.0 0.0 0.0 0.0 0.0 1.0
2.038138269 0.41571484375 0.0 0.0 0.0 0.0 0.0 1.0
2.048562039 0.417397135417 0.0 0.0 0.0 0.0 0.0 1.0
2.057965098 0.418930989583 0.0 0.0 0.0 0.0 0.0 1.0
2.068304927 0.420619791667 0.0 0.0 0.0 0.0 0.0 1.0
2.078702274 0.422311197917 0.0 0.0 0.0 0.0 0.0 1.0
2.088086993 0.4238359375 0.0 0.0 0.0 0.0 0.0 1.0
2.098475461 0.42552734375 0.0 0.0 0.0 0.0 0.0 1.0
2.108843967 0.427212239583 0.0 0.0 0.0 0.0 0.0 1.0
2.118244824 0.428736979167 0.0 0.0 0.0 0.0 0.0 1.0
2.128711295 0.430447916667 0.0 0.0 0.0 0.0 0.0 1.0
2.138189345 0.431979166667 0.0 0.0 0.0 0.0 0.0 1.0
2.148550701 0.433670572917 0.0 0.0 0.0 0.0 0.0 1.0
2.157859623 0.43518359375 0.0 0.0 0.0 0.0 0.0 1.0
2.168139998 0.436865885417 0.0 0.0 0.0 0.0 0.0 1.0
2.178620054 0.438557291667 0.0 0.0 0.0 0.0 0.0 1.0
2.187974482 0.44008984375 0.0 0.0 0.0 0.0 0.0 1.0
2.198382017 0.441776041667 0.0 0.0 0.0 0.0 0.0 1.0
2.208769418 0.443467447917 0.0 0.0 0.0 0.0 0.0 1.0
2.218216143 0.444994791667 0.0 0.0 0.0 0.0 0.0 1.0
2.228774580 0.446717447917 0.0 0.0 0.0 0.0 0.0 1.0
2.238173990 0.44825390625 0.0 0.0 0.0 0.0 0.0 1.0
2.248562988 0.4499453125 0.0 0.0 0.0 0.0 0.0 1.0
2.258028075 0.45148046875 0.0 0.0 0.0 0.0 0.0 1.0
2.268475702 0.453174479167 0.0 0.0 0.0 0.0 0.0 1.0
2.278879035 0.454873697917 0.0 0.0 0.0 0.0 0.0 1.0
2.288424598 0.456407552083 0.0 0.0 0.0 0.0 0.0 1.0
2.298653402 0.45808984375 0.0 0.0 0.0 0.0 0.0 1.0
2.308096888 0.459625 0.0 0.0 0.0 0.0 0.0 1.0
2.318559678 0.461321614583 0.0 0.0 0.0 0.0 0.0 1.0
2.328089246 0.462875 0.0 0.0 0.0 0.0 0.0 1.0
2.338556105 0.464569010417 0.0 0.0 0.0 0.0 0.0 1.0
2.347918344 0.466110677083 0.0 0.0 0.0 0.0 0.0 1.0
2.358296416 0.46780078125 0.0 0.0 0.0 0.0 0.0 1.0
2.368674624 0.46948046875 0.0 0.0 0.0 0.0 0.0 1.0
2.378099365 0.471014322917 0.0 0.0 0.0 0.0 0.0 1.0
2.388531033 0.472713541667 0.0 0.0 0.0 0.0 0.0 1.0
2.397902011 0.474236979167 0.0 0.0 0.0 0.0 0.0 1.0
2.408292044 0.475928385417 0.0 0.0 0.0 0.0 0.0 1.0
2.418697365 0.4776171875 0.0 0.0 0.0 0.0 0.0 1.0
2.428167104 0.479166666667 0.0 0.0 0.0 0.0 0.0 1.0
2.438626856 0.480856770833 0.0 0.0 0.0 0.0 0.0 1.0
2.448065632 0.482388020833 0.0 0.0 0.0 0.0 0.0 1.0
2.458383183 0.484080729167 0.0 0.0 0.0 0.0 0.0 1.0
2.468796319 0.485770833333 0.0 0.0 0.0 0.0 0.0 1.0
2.478242130 0.487309895833 0.0 0.0 0.0 0.0 0.0 1.0
2.488615955 0.48899609375 0.0 0.0 0.0 0.0 0.0 1.0
2.498000892 0.490520833333 0.0 0.0 0.0 0.0 0.0 1.0
2.508478143 0.492221354167 0.0 0.0 0.0 0.0 0.0 1.0
2.517990787 0.493740885417 0.0 0.0 0.0 0.0 0.0 1.0
2.528421466 0.495475260417 0.0 0.0 0.0 0.0 0.0 1.0
2.538889947 0.497171875 0.0 0.0 0.0 0.0 0.0 1.0
2.548332145 0.498701822917 0.0 0.0 0.0 0.0 0.0 1.0
2.558726049 0.5003984375 0.0 0.0 0.0 0.0 0.0 1.0
2.567982467 0.501911458333 0.0 0.0 0.0 0.0 0.0 1.0
2.578361965 0.503596354167 0.0 0.0 0.0 0.0 0.0 1.0
2.588754878 0.50528515625 0.0 0.0 0.0 0.0 0.0 1.0
2.598126733 0.506809895833 0.0 0.0 0.0 0.0 0.0 1.0
2.608528845 0.50850390625 0.0 0.0 0.0 0.0 0.0 1.0
2.617908556 0.5100234375 0.0 0.0 0.0 0.0 0.0 1.0
2.628411744 0.511731770833 0.0 0.0 0.0 0.0 0.0 1.0
2.638968671 0.513428385417 0.0 0.0 0.0 0.0 0.0 1.0
2.648470542 0.51498828125 0.0 0.0 0.0 0.0 0.0 1.0
2.657783893 0.516515625 0.0 0.0 0.0 0.0 0.0 1.0
2.668128342 0.518200520833 0.0 0.0 0.0 0.0 0.0 1.0
2.678475100 0.5198828125 0.0 0.0 0.0 0.0 0.0 1.0
2.687791901 0.52140234375 0.0 0.0 0.0 0.0 0.0 1.0
2.698289131 0.523100260417 0.0 0.0 0.0 0.0 0.0 1.0
2.708740083 0.524796875 0.0 0.0 0.0 0.0 0.0 1.0
2.718150590 0.526333333333 0.0 0.0 0.0 0.0 0.0 1.0
2.728602825 0.528040364583 0.0 0.0 0.0 0.0 0.0 1.0
2.738040537 0.529567708333 0.0 0.0 0.0 0.0 0.0 1.0
2.748370871 0.5312578125 0.0 0.0 0.0 0.0 0.0 1.0
2.758849940 0.532950520833 0.0 0.0 0.0 0.0 0.0 1.0
2.768208418 0.534484375 0.0 0.0 0.0 0.0 0.0 1.0
2.778701028 0.536180989583 0.0 0.0 0.0 0.0 0.0 1.0
2.788106118 0.537716145833 0.0 0.0 0.0 0.0 0.0 1.0
2.798517670 0.539407552083 0.0 0.0 0.0 0.0 0.0 1.0
2.807782980 0.540920572917 0.0 0.0 0.0 0.0 0.0 1.0
2.818156542 0.54260546875 0.0 0.0 0.0 0.0 0.0 1.0
2.828725031 0.54432421875 0.0 0.0 0.0 0.0 0.0 1.0
2.838147802 0.545850260417 0.0 0.0 0.0 0.0 0.0 1.0
2.848453224 0.54753515625 0.0 0.0 0.0 0.0 0.0 1.0
2.859060233 0.549252604167 0.0 0.0 0.0 0.0 0.0 1.0
2.868394405 0.550786458333 0.0 0.0 0.0 0.0 0.0 1.0
2.878760022 0.552471354167 0.0 0.0 0.0 0.0 0.0 1.0
2.888117021 0.553993489583 0.0 0.0 0.0 0.0 0.0 1.0
2.898518836 0.555678385417 0.0 0.0 0.0 0.0 0.0 1.0
2.907927599 0.5572109375 0.0 0.0 0.0 0.0 0.0 1.0
2.918362465 0.558907552083 0.0 0.0 0.0 0.0 0.0 1.0
2.928807164 0.56061328125 0.0 0.0 0.0 0.0 0.0 1.0
2.938212110 0.562134114583 0.0 0.0 0.0 0.0 0.0 1.0
2.948581161 0.563825520833 0.0 0.0 0.0 0.0 0.0 1.0
2.958072008 0.565358072917 0.0 0.0 0.0 0.0 0.0 1.0
2.968411450 0.567052083333 0.0 0.0 0.0 0.0 0.0 1.0
2.978848053 0.568744791667 0.0 0.0 0.0 0.0 0.0 1.0
2.988245312 0.570270833333 0.0 0.0 0.0 0.0 0.0 1.0
2.998606556 0.57196484375 0.0 0.0 0.0 0.0 0.0 1.0
3.007949237 0.573484375 0.0 0.0 0.0 0.0 0.0 1.0
3.018315215 0.575169270833 0.0 0.0 0.0 0.0 0.0 1.0
3.028802715 0.576869791667 0.0 0.0 0.0 0.0 0.0 1.0
3.038206066 0.578401041667 0.0 0.0 0.0 0.0 0.0 1.0
3.048585058 0.580088541667 0.0 0.0 0.0 0.0 0.0 1.0
3.057995956 0.5816171875 0.0 0.0 0.0 0.0 0.0 1.0
3.068367477 0.58330859375 0.0 0.0 0.0 0.0 0.0 1.0
3.078969937 0.585006510417 0.0 0.0 0.0 0.0 0.0 1.0
3.088362558 0.5865625 0.0 0.0 0.0 0.0 0.0 1.0
3.098772491 0.588256510417 0.0 0.0 0.0 0.0 0.0 1.0
3.108137329 0.58978125 0.0 0.0 0.0 0.0 0.0 1.0
3.118678235 0.591479166667 0.0 0.0 0.0 0.0 0.0 1.0
3.128104328 0.593029947917 0.0 0.0 0.0 0.0 0.0 1.0
3.138565485 0.59471484375 0.0 0.0 0.0 0.0 0.0 1.0
3.147902474 0.596255208333 0.0 0.0 0.0 0.0 0.0 1.0
3.158268837 0.59793359375 0.0 0.0 0.0 0.0 0.0 1.0
3.168627726 0.599626302083 0.0 0.0 0.0 0.0 0.0 1.0
3.178043283 0.601149739583 0.0 0.0 0.0 0.0 0.0 1.0
3.188484896 0.602845052083 0.0 0.0 0.0 0.0 0.0 1.0
3.198843238 0.6045390625 0.0 0.0 0.0 0.0 0.0 1.0
3.208179222 0.606055989583 0.0 0.0 0.0 0.0 0.0 1.0
3.218632891 0.60775 0.0 0.0 0.0 0.0 0.0 1.0
3.228178270 0.609303385417 0.0 0.0 0.0 0.0 0.0 1.0
3.238499174 0.610994791667 0.0 0.0 0.0 0.0 0.0 1.0
3.247767208 0.612502604167 0.0 0.0 0.0 0.0 0.0 1.0
3.258229350 0.614190104167 0.0 0.0 0.0 0.0 0.0 1.0
3.268548207 0.615881510417 0.0 0.0 0.0 0.0 0.0 1.0
3.277947941 0.617401041667 0.0 0.0 0.0 0.0 0.0 1.0
3.288321602 0.619096354167 0.0 0.0 0.0 0.0 0.0 1.0
3.298742380 0.620787760417 0.0 0.0 0.0 0.0 0.0 1.0
3.308094123 0.622315104167 0.0 0.0 0.0 0.0 0.0 1.0
3.318482161 0.6239921875 0.0 0.0 0.0 0.0 0.0 1.0
3.327887262 0.625537760417 0.0 0.0 0.0 0.0 0.0 1.0
3.338324087 0.62723046875 0.0 0.0 0.0 0.0 0.0 1.0
3.348723512 0.62891796875 0.0 0.0 0.0 0.0 0.0 1.0
3.358042736 0.63043359375 0.0 0.0 0.0 0.0 0.0 1.0
3.368422752 0.632127604167 0.0 0.0 0.0 0.0 0.0 1.0
3.378824351 0.633815104167 0.0 0.0 0.0 0.0 0.0 1.0
3.388224853 0.635342447917 0.0 0.0 0.0 0.0 0.0 1.0
3.398579628 0.637029947917 0.0 0.0 0.0 0.0 0.0 1.0
3.407882512 0.638545572917 0.0 0.0 0.0 0.0 0.0 1.0
3.418254258 0.64023046875 0.0 0.0 0.0 0.0 0.0 1.0
3.428773844 0.641944010417 0.0 0.0 0.0 0.0 0.0 1.0
3.438079606 0.6434609375 0.0 0.0 0.0 0.0 0.0 1.0
3.448545962 0.6451484375 0.0 0.0 0.0 0.0 0.0 1.0
3.457863443 0.646670572917 0.0 0.0 0.0 0.0 0.0 1.0
3.468328201 0.648368489583 0.0 0.0 0.0 0.0 0.0 1.0
3.478665480 0.650055989583 0.0 0.0 0.0 0.0 0.0 1.0
3.488010822 0.651584635417 0.0 0.0 0.0 0.0 0.0 1.0
3.498372051 0.65326953125 0.0 0.0 0.0 0.0 0.0 1.0
3.508781552 0.654959635417 0.0 0.0 0.0 0.0 0.0 1.0
3.518329255 0.656493489583 0.0 0.0 0.0 0.0 0.0 1.0
3.528744566 0.658204427083 0.0 0.0 0.0 0.0 0.0 1.0
3.538105427 0.659723958333 0.0 0.0 0.0 0.0 0.0 1.0
3.548538861 0.661416666667 0.0 0.0 0.0 0.0 0.0 1.0
3.557846761 0.6629453125 0.0 0.0 0.0 0.0 0.0 1.0
3.568195730 0.664630208333 0.0 0.0 0.0 0.0 0.0 1.0
3.578640685 0.66632421875 0.0 0.0 0.0 0.0 0.0 1.0
3.588046746 0.667848958333 0.0 0.0 0.0 0.0 0.0 1.0
3.598571336 0.669549479167 0.0 0.0 0.0 0.0 0.0 1.0
3.607816934 0.671071614583 0.0 0.0 0.0 0.0 0.0 1.0
3.618253693 0.672765625 0.0 0.0 0.0 0.0 0.0 1.0
3.629011771 0.674483072917 0.0 0.0 0.0 0.0 0.0 1.0
3.638297698 0.676033854167 0.0 0.0 0.0 0.0 0.0 1.0
3.648637615 0.677713541667 0.0 0.0 0.0 0.0 0.0 1.0
3.658092439 0.67925 0.0 0.0 0.0 0.0 0.0 1.0
3.668416899 0.6809296875 0.0 0.0 0.0 0.0 0.0 1.0
3.678774190 0.682614583333 0.0 0.0 0.0 0.0 0.0 1.0
3.688103627 0.684138020833 0.0 0.0 0.0 0.0 0.0 1.0
3.698566301 0.6858203125 0.0 0.0 0.0 0.0 0.0 1.0
3.707841327 0.687345052083 0.0 0.0 0.0 0.0 0.0 1.0
3.718182825 0.68903125 0.0 0.0 0.0 0.0 0.0 1.0
3.728728328 0.690740885417 0.0 0.0 0.0 0.0 0.0 1.0
3.738082294 0.692260416667 0.0 0.0 0.0 0.0 0.0 1.0
3.748426022 0.693940104167 0.0 0.0 0.0 0.0 0.0 1.0
3.758792007 0.695622395833 0.0 0.0 0.0 0.0 0.0 1.0
3.768063673 0.697141927083 0.0 0.0 0.0 0.0 0.0 1.0
3.778547037 0.6988359375 0.0 0.0 0.0 0.0 0.0 1.0
3.787914131 0.700358072917 0.0 0.0 0.0 0.0 0.0 1.0
3.798265730 0.702053385417 0.0 0.0 0.0 0.0 0.0 1.0
3.808598024 0.70373828125 0.0 0.0 0.0 0.0 0.0 1.0
3.818093137 0.705268229167 0.0 0.0 0.0 0.0 0.0 1.0
3.828522427 0.706981770833 0.0 0.0 0.0 0.0 0.0 1.0
3.838062343 0.708520833333 0.0 0.0 0.0 0.0 0.0 1.0
3.848424962 0.710213541667 0.0 0.0 0.0 0.0 0.0 1.0
3.858756351 0.711895833333 0.0 0.0 0.0 0.0 0.0 1.0
3.868055702 0.713411458333 0.0 0.0 0.0 0.0 0.0 1.0
3.878525827 0.715102864583 0.0 0.0 0.0 0.0 0.0 1.0
3.888004604 0.7166328125 0.0 0.0 0.0 0.0 0.0 1.0
3.898328626 0.718329427083 0.0 0.0 0.0 0.0 0.0 1.0
3.908757318 0.720026041667 0.0 0.0 0.0 0.0 0.0 1.0
3.918132456 0.72155078125 0.0 0.0 0.0 0.0 0.0 1.0
3.928696391 0.723272135417 0.0 0.0 0.0 0.0 0.0 1.0
3.938118175 0.72480078125 0.0 0.0 0.0 0.0 0.0 1.0
3.948529140 0.72648828125 0.0 0.0 0.0 0.0 0.0 1.0
3.957946697 0.728016927083 0.0 0.0 0.0 0.0 0.0 1.0
3.968355771 0.729716145833 0.0 0.0 0.0 0.0 0.0 1.0
3.978796152 0.731419270833 0.0 0.0 0.0 0.0 0.0 1.0
3.988198000 0.73294921875 0.0 0.0 0.0 0.0 0.0 1.0
3.998619881 0.7346484375 0.0 0.0 0.0 0.0 0.0 1.0
4.007972677 0.736170572917 0.0 0.0 0.0 0.0 0.0 1.0
4.018475602 0.737865885417 0.0 0.0 0.0 0.0 0.0 1.0
4.028946629 0.7395859375 0.0 0.0 0.0 0.0 0.0 1.0
4.038284593 0.74110546875 0.0 0.0 0.0 0.0 0.0 1.0
4.048677481 0.742787760417 0.0 0.0 0.0 0.0 0.0 1.0
4.058202229 0.744338541667 0.0 0.0 0.0 0.0 0.0 1.0
4.068591586 0.746036458333 0.0 0.0 0.0 0.0 0.0 1.0
4.078028282 0.747553385417 0.0 0.0 0.0 0.0 0.0 1.0
4.088304391 0.749240885417 0.0 0.0 0.0 0.0 0.0 1.0
4.098678757 0.750927083333 0.0 0.0 0.0 0.0 0.0 1.0
4.108041803 0.752451822917 0.0 0.0 0.0 0.0 0.0 1.0
4.118414110 0.754134114583 0.0 0.0 0.0 0.0 0.0 1.0
4.128823386 0.755833333333 0.0 0.0 0.0 0.0 0.0 1.0
4.138231343 0.75735546875 0.0 0.0 0.0 0.0 0.0 1.0
4.148584562 0.759037760417 0.0 0.0 0.0 0.0 0.0 1.0
4.158002782 0.760575520833 0.0 0.0 0.0 0.0 0.0 1.0
4.168369725 0.762266927083 0.0 0.0 0.0 0.0 0.0 1.0
4.178700221 0.763942708333 0.0 0.0 0.0 0.0 0.0 1.0
4.188118904 0.76546484375 0.0 0.0 0.0 0.0 0.0 1.0
4.198547868 0.767158854167 0.0 0.0 0.0 0.0 0.0 1.0
4.207805377 0.768680989583 0.0 0.0 0.0 0.0 0.0 1.0
4.218273746 0.770377604167 0.0 0.0 0.0 0.0 0.0 1.0
4.228845798 0.772100260417 0.0 0.0 0.0 0.0 0.0 1.0
4.238232884 0.77362890625 0.0 0.0 0.0 0.0 0.0 1.0
4.248652766 0.775313802083 0.0 0.0 0.0 0.0 0.0 1.0
4.258096633 0.776852864583 0.0 0.0 0.0 0.0 0.0 1.0
4.268517961 0.778552083333 0.0 0.0 0.0 0.0 0.0 1.0
4.278025007 0.7800703125 0.0 0.0 0.0 0.0 0.0 1.0
4.288384412 0.781790364583 0.0 0.0 0.0 0.0 0.0 1.0
4.298820763 0.78348046875 0.0 0.0 0.0 0.0 0.0 1.0
4.308121750 0.78500390625 0.0 0.0 0.0 0.0 0.0 1.0
4.318596744 0.786692708333 0.0 0.0 0.0 0.0 0.0 1.0
4.328031987 0.78824609375 0.0 0.0 0.0 0.0 0.0 1.0
4.338410342 0.789924479167 0.0 0.0 0.0 0.0 0.0 1.0
4.348759266 0.791610677083 0.0 0.0 0.0 0.0 0.0 1.0
4.358156416 0.793140625 0.0 0.0 0.0 0.0 0.0 1.0
4.368488125 0.794822916667 0.0 0.0 0.0 0.0 0.0 1.0
4.378812442 0.796498697917 0.0 0.0 0.0 0.0 0.0 1.0
4.388237271 0.798026041667 0.0 0.0 0.0 0.0 0.0 1.0
4.398653172 0.799720052083 0.0 0.0 0.0 0.0 0.0 1.0
4.407988377 0.801247395833 0.0 0.0 0.0 0.0 0.0 1.0
4.418336500 0.8029296875 0.0 0.0 0.0 0.0 0.0 1.0
4.428841769 0.804634114583 0.0 0.0 0.0 0.0 0.0 1.0
4.438294427 0.806170572917 0.0 0.0 0.0 0.0 0.0 1.0
4.448667833 0.807858072917 0.0 0.0 0.0 0.0 0.0 1.0
4.458074098 0.809389322917 0.0 0.0 0.0 0.0 0.0 1.0
4.468400892 0.811076822917 0.0 0.0 0.0 0.0 0.0 1.0
4.478740657 0.812756510417 0.0 0.0 0.0 0.0 0.0 1.0
4.488114198 0.81428125 0.0 0.0 0.0 0.0 0.0 1.0
4.498499656 0.815967447917 0.0 0.0 0.0 0.0 0.0 1.0
4.507831460 0.817484375 0.0 0.0 0.0 0.0 0.0 1.0
4.518186876 0.819174479167 0.0 0.0 0.0 0.0 0.0 1.0
4.528703343 0.820888020833 0.0 0.0 0.0 0.0 0.0 1.0
4.538150505 0.822412760417 0.0 0.0 0.0 0.0 0.0 1.0
4.548539108 0.824104166667 0.0 0.0 0.0 0.0 0.0 1.0
4.557857225 0.825623697917 0.0 0.0 0.0 0.0 0.0 1.0
4.568231268 0.827315104167 0.0 0.0 0.0 0.0 0.0 1.0
4.578760337 0.82901953125 0.0 0.0 0.0 0.0 0.0 1.0
4.588163647 0.8305546875 0.0 0.0 0.0 0.0 0.0 1.0
4.598572557 0.832243489583 0.0 0.0 0.0 0.0 0.0 1.0
4.608028465 0.833790364583 0.0 0.0 0.0 0.0 0.0 1.0
4.618542418 0.835477864583 0.0 0.0 0.0 0.0 0.0 1.0
4.627998109 0.837040364583 0.0 0.0 0.0 0.0 0.0 1.0
4.638429737 0.838729166667 0.0 0.0 0.0 0.0 0.0 1.0
4.648788835 0.840420572917 0.0 0.0 0.0 0.0 0.0 1.0
4.658211537 0.841950520833 0.0 0.0 0.0 0.0 0.0 1.0
4.668621702 0.84364453125 0.0 0.0 0.0 0.0 0.0 1.0
4.677949679 0.8451640625 0.0 0.0 0.0 0.0 0.0 1.0
4.688323176 0.846852864583 0.0 0.0 0.0 0.0 0.0 1.0
4.698736566 0.848540364583 0.0 0.0 0.0 0.0 0.0 1.0
4.708033707 0.850059895833 0.0 0.0 0.0 0.0 0.0 1.0
4.718407406 0.851739583333 0.0 0.0 0.0 0.0 0.0 1.0
4.729078510 0.8534765625 0.0 0.0 0.0 0.0 0.0 1.0
4.738494129 0.85500390625 0.0 0.0 0.0 0.0 0.0 1.0
4.747863841 0.856532552083 0.0 0.0 0.0 0.0 0.0 1.0
4.758232768 0.85822265625 0.0 0.0 0.0 0.0 0.0 1.0
4.768599047 0.859912760417 0.0 0.0 0.0 0.0 0.0 1.0
4.777984060 0.8614375 0.0 0.0 0.0 0.0 0.0 1.0
4.788355674 0.863119791667 0.0 0.0 0.0 0.0 0.0 1.0
4.798687099 0.864802083333 0.0 0.0 0.0 0.0 0.0 1.0
4.807942310 0.866317708333 0.0 0.0 0.0 0.0 0.0 1.0
4.818304004 0.867993489583 0.0 0.0 0.0 0.0 0.0 1.0
4.828842432 0.8697109375 0.0 0.0 0.0 0.0 0.0 1.0
4.838183950 0.871229166667 0.0 0.0 0.0 0.0 0.0 1.0
4.848670198 0.872920572917 0.0 0.0 0.0 0.0 0.0 1.0
4.857994382 0.874451822917 0.0 0.0 0.0 0.0 0.0 1.0
4.868445867 0.876143229167 0.0 0.0 0.0 0.0 0.0 1.0
4.878883629 0.877846354167 0.0 0.0 0.0 0.0 0.0 1.0
4.888267282 0.879376302083 0.0 0.0 0.0 0.0 0.0 1.0
4.898709185 0.881071614583 0.0 0.0 0.0 0.0 0.0 1.0
4.908130128 0.882608072917 0.0 0.0 0.0 0.0 0.0 1.0
4.918598086 0.884302083333 0.0 0.0 0.0 0.0 0.0 1.0
4.928110206 0.885858072917 0.0 0.0 0.0 0.0 0.0 1.0
4.938575170 0.887561197917 0.0 0.0 0.0 0.0 0.0 1.0
4.947936226 0.8890859375 0.0 0.0 0.0 0.0 0.0 1.0
4.958256333 0.890765625 0.0 0.0 0.0 0.0 0.0 1.0
4.968595268 0.892447916667 0.0 0.0 0.0 0.0 0.0 1.0
4.977960011 0.89396484375 0.0 0.0 0.0 0.0 0.0 1.0
4.988381515 0.895657552083 0.0 0.0 0.0 0.0 0.0 1.0
4.998743249 0.897354166667 0.0 0.0 0.0 0.0 0.0 1.0
5.008125097 0.898873697917 0.0 0.0 0.0 0.0 0.0 1.0
5.018502038 0.900561197917 0.0 0.0 0.0 0.0 0.0 1.0
5.027968275 0.9021015625 0.0 0.0 0.0 0.0 0.0 1.0
5.038354037 0.903790364583 0.0 0.0 0.0 0.0 0.0 1.0
5.048901729 0.905486979167 0.0 0.0 0.0 0.0 0.0 1.0
5.058238710 0.907029947917 0.0 0.0 0.0 0.0 0.0 1.0
5.068613774 0.90871484375 0.0 0.0 0.0 0.0 0.0 1.0
5.077947366 0.910231770833 0.0 0.0 0.0 0.0 0.0 1.0
5.088304630 0.911920572917 0.0 0.0 0.0 0.0 0.0 1.0
5.098680737 0.913609375 0.0 0.0 0.0 0.0 0.0 1.0
5.108048842 0.915135416667 0.0 0.0 0.0 0.0 0.0 1.0
5.118682949 0.9168359375 0.0 0.0 0.0 0.0 0.0 1.0
5.128168793 0.918401041667 0.0 0.0 0.0 0.0 0.0 1.0
5.138579689 0.920095052083 0.0 0.0 0.0 0.0 0.0 1.0
5.147917313 0.9216171875 0.0 0.0 0.0 0.0 0.0 1.0
5.158235049 0.9233046875 0.0 0.0 0.0 0.0 0.0 1.0
5.168680607 0.924993489583 0.0 0.0 0.0 0.0 0.0 1.0
5.178033708 0.926520833333 0.0 0.0 0.0 0.0 0.0 1.0
5.188520651 0.9282109375 0.0 0.0 0.0 0.0 0.0 1.0
5.197873537 0.92973828125 0.0 0.0 0.0 0.0 0.0 1.0
5.208330961 0.9314375 0.0 0.0 0.0 0.0 0.0 1.0
5.218736074 0.933131510417 0.0 0.0 0.0 0.0 0.0 1.0
5.228255252 0.934680989583 0.0 0.0 0.0 0.0 0.0 1.0
5.238573549 0.936364583333 0.0 0.0 0.0 0.0 0.0 1.0
5.248014118 0.937873697917 0.0 0.0 0.0 0.0 0.0 1.0
5.258510695 0.93959765625 0.0 0.0 0.0 0.0 0.0 1.0
5.267985793 0.941127604167 0.0 0.0 0.0 0.0 0.0 1.0
5.278404569 0.942846354167 0.0 0.0 0.0 0.0 0.0 1.0
5.288740990 0.944533854167 0.0 0.0 0.0 0.0 0.0 1.0
5.298150766 0.946057291667 0.0 0.0 0.0 0.0 0.0 1.0
5.308551966 0.94775 0.0 0.0 0.0 0.0 0.0 1.0
5.317913729 0.949274739583 0.0 0.0 0.0 0.0 0.0 1.0
5.328417246 0.95098046875 0.0 0.0 0.0 0.0 0.0 1.0
5.338913766 0.95268359375 0.0 0.0 0.0 0.0 0.0 1.0
5.348301916 0.95422265625 0.0 0.0 0.0 0.0 0.0 1.0
5.358730361 0.955907552083 0.0 0.0 0.0 0.0 0.0 1.0
5.368143460 0.95744140625 0.0 0.0 0.0 0.0 0.0 1.0
5.378537183 0.959135416667 0.0 0.0 0.0 0.0 0.0 1.0
5.387909152 0.960662760417 0.0 0.0 0.0 0.0 0.0 1.0
5.398225572 0.962346354167 0.0 0.0 0.0 0.0 0.0 1.0
5.408606216 0.96403125 0.0 0.0 0.0 0.0 0.0 1.0
5.418071731 0.965565104167 0.0 0.0 0.0 0.0 0.0 1.0
5.428596633 0.967279947917 0.0 0.0 0.0 0.0 0.0 1.0
5.438008933 0.9688125 0.0 0.0 0.0 0.0 0.0 1.0
5.448757094 0.970536458333 0.0 0.0 0.0 0.0 0.0 1.0
5.458075459 0.972075520833 0.0 0.0 0.0 0.0 0.0 1.0
5.468568842 0.973778645833 0.0 0.0 0.0 0.0 0.0 1.0
5.477891206 0.975298177083 0.0 0.0 0.0 0.0 0.0 1.0
5.488348681 0.9769921875 0.0 0.0 0.0 0.0 0.0 1.0
5.498763312 0.978692708333 0.0 0.0 0.0 0.0 0.0 1.0
5.508235161 0.980229166667 0.0 0.0 0.0 0.0 0.0 1.0
5.518567041 0.981920572917 0.0 0.0 0.0 0.0 0.0 1.0
5.528122877 0.983467447917 0.0 0.0 0.0 0.0 0.0 1.0
5.538504901 0.985158854167 0.0 0.0 0.0 0.0 0.0 1.0
5.547821823 0.986669270833 0.0 0.0 0.0 0.0 0.0 1.0
5.558161140 0.988360677083 0.0 0.0 0.0 0.0 0.0 1.0
5.568544094 0.990045572917 0.0 0.0 0.0 0.0 0.0 1.0
5.577826484 0.9915625 0.0 0.0 0.0 0.0 0.0 1.0
5.588256576 0.993252604167 0.0 0.0 0.0 0.0 0.0 1.0
5.598670181 0.994946614583 0.0 0.0 0.0 0.0 0.0 1.0
5.608185236 0.996481770833 0.0 0.0 0.0 0.0 0.0 1.0
5.618518792 0.998170572917 0.0 0.0 0.0 0.0 0.0 1.0
5.628065184 0.999717447917 0.0 0.0 0.0 0.0 0.0 1.0
5.638497167 1.0014140625 0.0 0.0 0.0 0.0 0.0 1.0
5.647748761 1.00293619792 0.0 0.0 0.0 0.0 0.0 1.0
5.658224152 1.00462630208 0.0 0.0 0.0 0.0 0.0 1.0
5.668608993 1.00632421875 0.0 0.0 0.0 0.0 0.0 1.0
5.678057161 1.00785807292 0.0 0.0 0.0 0.0 0.0 1.0
5.688393809 1.00954557292 0.0 0.0 0.0 0.0 0.0 1.0
5.698783896 1.011234375 0.0 0.0 0.0 0.0 0.0 1.0
5.708233213 1.01276432292 0.0 0.0 0.0 0.0 0.0 1.0
5.718769406 1.01445703125 0.0 0.0 0.0 0.0 0.0 1.0
5.728171117 1.01601302083 0.0 0.0 0.0 0.0 0.0 1.0
5.738578635 1.01770442708 0.0 0.0 0.0 0.0 0.0 1.0
5.748005276 1.01923177083 0.0 0.0 0.0 0.0 0.0 1.0
5.758345816 1.02092317708 0.0 0.0 0.0 0.0 0.0 1.0
5.768763052 1.02261197917 0.0 0.0 0.0 0.0 0.0 1.0
5.778074904 1.02413671875 0.0 0.0 0.0 0.0 0.0 1.0
5.788572146 1.02583072917 0.0 0.0 0.0 0.0 0.0 1.0
5.797822899 1.02734895833 0.0 0.0 0.0 0.0 0.0 1.0
5.808220337 1.02904036458 0.0 0.0 0.0 0.0 0.0 1.0
5.818610440 1.03072786458 0.0 0.0 0.0 0.0 0.0 1.0
5.828195253 1.03228255208 0.0 0.0 0.0 0.0 0.0 1.0
5.838522244 1.03396744792 0.0 0.0 0.0 0.0 0.0 1.0
5.847878775 1.03547526042 0.0 0.0 0.0 0.0 0.0 1.0
5.858148845 1.03716015625 0.0 0.0 0.0 0.0 0.0 1.0
5.868502498 1.03884375 0.0 0.0 0.0 0.0 0.0 1.0
5.877841206 1.040359375 0.0 0.0 0.0 0.0 0.0 1.0
5.888235989 1.04205598958 0.0 0.0 0.0 0.0 0.0 1.0
5.898567356 1.04373958333 0.0 0.0 0.0 0.0 0.0 1.0
5.907996185 1.04526432292 0.0 0.0 0.0 0.0 0.0 1.0
5.918395982 1.04695833333 0.0 0.0 0.0 0.0 0.0 1.0
5.928949137 1.048671875 0.0 0.0 0.0 0.0 0.0 1.0
5.938375237 1.05021354167 0.0 0.0 0.0 0.0 0.0 1.0
5.948803907 1.05190494792 0.0 0.0 0.0 0.0 0.0 1.0
5.958220664 1.05344270833 0.0 0.0 0.0 0.0 0.0 1.0
5.968610520 1.055125 0.0 0.0 0.0 0.0 0.0 1.0
5.978020324 1.0566640625 0.0 0.0 0.0 0.0 0.0 1.0
5.988501566 1.05835286458 0.0 0.0 0.0 0.0 0.0 1.0
5.998860707 1.06004036458 0.0 0.0 0.0 0.0 0.0 1.0
6.008199520 1.06156510417 0.0 0.0 0.0 0.0 0.0 1.0
6.018606982 1.06325911458 0.0 0.0 0.0 0.0 0.0 1.0
6.028065770 1.06480859375 0.0 0.0 0.0 0.0 0.0 1.0
6.038454218 1.06649088542 0.0 0.0 0.0 0.0 0.0 1.0
6.049066323 1.06818229167 0.0 0.0 0.0 0.0 0.0 1.0
6.058471042 1.06974088542 0.0 0.0 0.0 0.0 0.0 1.0
6.067810757 1.07126822917 0.0 0.0 0.0 0.0 0.0 1.0
6.078159207 1.07295052083 0.0 0.0 0.0 0.0 0.0 1.0
6.088600889 1.07459895833 0.0 0.0 0.0 0.0 0.0 1.0
6.097978693 1.0760390625 0.0 0.0 0.0 0.0 0.0 1.0
6.108391843 1.07758984375 0.0 0.0 0.0 0.0 0.0 1.0
6.118762572 1.079078125 0.0 0.0 0.0 0.0 0.0 1.0
6.128364814 1.08040885417 0.0 0.0 0.0 0.0 0.0 1.0
6.138705047 1.08179947917 0.0 0.0 0.0 0.0 0.0 1.0
6.148061986 1.08301302083 0.0 0.0 0.0 0.0 0.0 1.0
6.158482247 1.08430989583 0.0 0.0 0.0 0.0 0.0 1.0
6.168842977 1.08555338542 0.0 0.0 0.0 0.0 0.0 1.0
6.178304152 1.08663802083 0.0 0.0 0.0 0.0 0.0 1.0
6.188771059 1.08779427083 0.0 0.0 0.0 0.0 0.0 1.0
6.198023277 1.08877864583 0.0 0.0 0.0 0.0 0.0 1.0
6.208467762 1.08982552083 0.0 0.0 0.0 0.0 0.0 1.0
6.218896737 1.09082942708 0.0 0.0 0.0 0.0 0.0 1.0
6.228467481 1.091703125 0.0 0.0 0.0 0.0 0.0 1.0
6.238829739 1.09259895833 0.0 0.0 0.0 0.0 0.0 1.0
6.248309458 1.09336328125 0.0 0.0 0.0 0.0 0.0 1.0
6.258583110 1.0941640625 0.0 0.0 0.0 0.0 0.0 1.0
6.267875520 1.09483854167 0.0 0.0 0.0 0.0 0.0 1.0
6.278279836 1.0955390625 0.0 0.0 0.0 0.0 0.0 1.0
6.288674563 1.09618880208 0.0 0.0 0.0 0.0 0.0 1.0
6.298058436 1.096734375 0.0 0.0 0.0 0.0 0.0 1.0
6.308459716 1.09729036458 0.0 0.0 0.0 0.0 0.0 1.0
6.318817980 1.09779036458 0.0 0.0 0.0 0.0 0.0 1.0
6.328472976 1.09820833333 0.0 0.0 0.0 0.0 0.0 1.0
6.338841194 1.09861197917 0.0 0.0 0.0 0.0 0.0 1.0
6.348234889 1.09893229167 0.0 0.0 0.0 0.0 0.0 1.0
6.358560576 1.09923697917 0.0 0.0 0.0 0.0 0.0 1.0
6.368084256 1.09947135417 0.0 0.0 0.0 0.0 0.0 1.0
6.378525096 1.0996796875 0.0 0.0 0.0 0.0 0.0 1.0
6.387819778 1.09982161458 0.0 0.0 0.0 0.0 0.0 1.0
6.398264950 1.09993098958 0.0 0.0 0.0 0.0 0.0 1.0
6.408694592 1.09998958333 0.0 0.0 0.0 0.0 0.0 1.0
6.418149271 1.1 0.0 0.0 0.0 0.0 0.0 1.0
6.428753100 1.1 0.0 0.0 0.0 0.0 0.0 1.0
6.438241818 1.09998177083 0.0 0.0 0.0 0.0 0.0 1.0
6.448653493 1.09991145833 0.0 0.0 0.0 0.0 0.0 1.0
6.458089193 1.09980208333 0.0 0.0 0.0 0.0 0.0 1.0
6.468463452 1.0996328125 0.0 0.0 0.0 0.0 0.0 1.0
